mutatorName,operatorName,count
StatusCodeMutator,StatusCodeReplacementWith50XOperator,3
MediaTypeMutator,NullOperator,4
CharsetMutator,CharsetReplacementOperator,7
ObjectMutator,ObjectAddElementOperator,85
ArrayMutator,ArrayAddElementOperator,24
ObjectMutator,ObjectRemoveElementOperator,97
StringMutator,ChangeTypeOperator,201
StringMutator,StringBoundaryOperator,189
StringMutator,StringAddSpecialCharactersMutationOperator,226
BooleanMutator,NullOperator,79
StringMutator,StringReplacementOperator,213
LongMutator,LongReplacementOperator,89
ArrayMutator,NullOperator,17
StringMutator,NullOperator,198
DoubleMutator,NullOperator,45
ObjectMutator,NullOperator,107
ArrayMutator,ArrayDisorderElementsOperator,21
NullMutator,ChangeTypeOperator,71
ArrayMutator,ArrayRemoveElementOperator,20
DoubleMutator,DoubleReplacementOperator,32
ArrayMutator,ChangeTypeOperator,26
LongMutator,NullOperator,63
BooleanMutator,BooleanMutationOperator,90
BooleanMutator,ChangeTypeOperator,92
ObjectMutator,ChangeTypeOperator,106
DoubleMutator,ChangeTypeOperator,35
ArrayMutator,ArrayEmptyOperator,23
LongMutator,ChangeTypeOperator,72
ObjectMutator,ObjectRemoveObjectTypeElementOperator,7
StatusCodeMutator,StatusCodeReplacementWith20XOperator,3
MediaTypeMutator,MediaTypeReplacementOperator,3
StatusCodeMutator,StatusCodeReplacementWith40XOperator,1
